811547
980427
331057
352089
902143
365070
755809
742713
808996
406363
748225
399723
296368
715793
515778
963436
877579
471930
354382
268879
578747
948054
452155
171239
643379
355660
964116
769037
959889
761149
390134
965389
215404
974371
257792
252439
386381
173203
797222
655540
751921
969703
657177
837209
866674
596740
284989
112192
623631
347896
471691
330538
743552
785983
888637
887096
388155
584870
838231
992199
845760
101954
297393
990601
735260
558289
974674
446621
758195
829850
163603
629408
380942
818655
597993
775267
506914
542256
320844
408425
265877
651135
389410
926110
566819
628941
398163
985108
327685
296232
764852
611085
384474
908052
768298
797946
336838
748816
153506
607716
985412
360841
913448
794322
655854
957221
338240
665625
336239
870010
844557
111993
942246
381103
237535
548531
566357
884703
607201
220822
470746
451452
219015
193249
474307
737440
193887
630040
547910
697670
365743
959762
123376
477702
744621
176806
507200
466642
794344
754800
612915
998912
158877
602526
807268
875927
435730
865345
571511
308899
928828
483730
311383
458752
959601
717914
552508
162752
207492
141791
347744
407645
557310
853313
995349
137686
711390
728776
662326
973607
790317
238932
403096
417618
691095
870718
991964
325562
609560
818912
355474
394700
568002
972283
455066
412630
443089
294323
559882
850276
651682
677540
738310
954745
441681
635508
226671
190674
496034
798818
776947
459162
157240
944606
577892
192579
969407
482446
546218
540938
673318
763139
669805
899885
977742
238137
321863
154425
310368
729087
425024
928191
678533
795926
410727
177650
896621
198119
870261
246449
592569
601264
747578
539081
444312
611435
631825
474027
380858
286403
259779
831924
787098
696864
352290
264231
465882
874647
995656
741625
820245
652305
491353
575090
956705
732691
271714
855059
555200
858771
965450
548050
362041
153536
513596
500005
162394
767584
347740
506080
590008
723012
310068
618950
365314
470153
666900
957389
665810
158457
859906
958502
875995
153301
731605
972053
986078
768912
973815
479438
718591
752559
741024
191585
311696
902498
765437
253946
223491
369344
311603
798963
193069
997529
189048
261442
171250
321832
136407
296552
484120
190868
946547
545438
948598
255206
638137
107120
777715
783407
484852
690917
540192
828240
439785
608581
554322
870580
539997
313353
906216
849970
490818
750240
155167
342881
123960
290608
466732
964250
157882
111812
348605
706591
785872
213566
319432
623454
695635
897051
403804
510967
260455
793560
598919
828056
956427
632854
901850
253913
879698
787754
190879
206643
261512
493301
984903
644760
896553
794427
156119
429173
125103
418396
645336
860917
175835
170866
867010
502896
431950
990283
696463
814504
991710
315341
355557
179534
560635
845441
231730
322531
739008
463434
811581
729220
761831
465337
978968
813161
739367
449299
248637
700805
328596
971597
362479
357702
282432
485571
348426
811446
508418
611486
671211
890026
165044
313654
646997
140527
603932
438095
401274
773800
691439
101401
725850
848170
913211
860579
925152
112077
561881
415375
572300
436801
212356
835124
856092
517660
127669
529949
215314
558448
411017
368094
578571
968711
536160
386841
454114
562401
972727
161022
924868
577399
419173
511024
337410
702666
132536
927044
825199
588600
138246
772829
643448
453943
243351
405004
885962
710545
682867
971600
711080
464435
306408
651788
359987
764015
902958
858483
353398
411747
972165
777554
146977
748831
326801
989592
772638
680957
161670
979118
185325
325696
603767
655499
293300
288876
740675
591720
991166
657436
937765
583688
888495
958159
807523
485757
115161
760697
562297
458828
465358
299685
240528
147244
658417
796399
602751
363610
230242
486642
194634
445709
545838
906568
621112
814927
937726
644028
117813
975904
387836
101238
151881
655767
558321
146925
118344
192421
361973
807599
820550
587846
864480
167867
829676
126852
582311
740090
445183
285967
378142
552851
368618
485733
444266
406273
492807
809095
265530
424644
107519
234514
347262
348274
344178
398048
486914
204816
914818
717383
288879
671692
496382
660465
614595
999845
996544
570391
622782
259467
798874
520981
888144
505148
932887
836397
885633
393399
348077
710521
955169
115774
306259
787718
461197
563060
331134
922384
512980
923428
677873
710687
776285
255528
245314
473191
692095
695627
764146
172512
299507
881982
853890
782764
263498
741983
948938
234599
365248
335815
760335
614653
820801
720094
979785
595014
513963
957901
650249
138353
308771
154131
840005
936846
360705
417268
901868
138113
798096
271402
227612
749698
630211
172609
324203
239171
177936
458435
120388
643492
620571
162964
226905
969970
772224
193366
715370
850843
395101
966352
726188
854346
941650
111660
169390
964872
111259
623240
451404
930725
468475
277301
284738
713841
593222
646228
628553
801156
953739
807917
504856
840255
386586
825874
508419
502608
461183
229709
540685
264996
456413
199093
717633
643312
120326
927411
185098
917286
594932
240991
517495
109591
336906
928672
790997
337781
402314
875698
828847
927143
663221
921364
610734
672417
606613
623238
527250
188153
722617
912130
817871
773885
782228
438028
490622
118045
394196
699182
268520
183732
987367
140785
805824
686658
472196
778318
211584
712773
221446
700340
756329
988762
135470
456885
305899
956476
439928
933264
555654
906745
430836
666056
251077
145793
682218
540082
692901
815003
326064
407774
480396
457932
440799
996921
493727
518635
573421
431116
964487
445499
600467
269492
333037
569720
899765
795015
600424
942756
960758
308663
855172
397302
672287
132217
243913
188162
975427
746823
669575
318192
963036
714149
668374
514122
542028
319283
983582
281375
731117
501765
922461
964318
339241
711522
937476
917171
739529
918007
227786
257185
255382
473729
989408
891810
960240
709397
536348
959745
803358
592514
699678
796096
969251
326909
229103
474557
759579
949874
369466
746729
635208
673177
161849
204008
797160
486605
439199
938388
644983
675669
910861
482210
763233
340394
753803
579051
866054
626110
120536
508955
280506
191941
382661
246344
349888
377850
347969
875239
718855
297080
138638
809714
349786
589596
328079
195710
200669
100470
110688
233132
123124
950661
492720
943028
948938
650075
624556
301163
777080
600192
729312
718609
407123
334065
653941
359905
937321
830802
173154
488532
379923
612141
466156
989083
954889
965984
612583
146024
876244
920356
183741
407438
881375
129140
513395
167577
419592
350570
572761
617209
342317
583520
268289
909403
888046
215662
816070
354337
294248
294222
152339
452586
668921
927908
433386
901442
974547
791156
267745
433564
547491
667248
611402
178984
972852
590277
242513
160805
320304
242439
553269
828010
952116
250103
773999
745474
326742
353355
980819
482863
641769
797064
676053
960665
215472
109030
260131
191227
590376
467598
617352
227537
727559
825008
364038
782801
378020
832714
493286
538039
958687
935599
542956
886857
224971
387709
795028
787265
484659
403704
783062
397173
805979
468039
340517
762037
632400
499672
949076
127452
884072
143154
724322
980628
513626
860623
403486
313488
926433
892408
343925
288930
907081
315558
500328
138265
427754
988370
898268
768227
685573
538063
642744
543418
811883
935865
989982
119533
566740
651816
959726
319071
115245
659216
414971
761149
151586
534539
528849
716099
953683
651689
107593
453901
323103
497691
535413
624868
272151
813789
806475
496084
915758
723487
937859
726117
342876
404277
114428
247389
667594
371057
699130
201432
921997
425357
469926
469672
985828
411220
265227
465959
269667
979187
967531
511898
701117
281803
781087
678353
632711
730933
625193
110392
511327
461048
509751
413165
145663
646241
540604
126655
905631
814807
596346
314193
979002
237195
997122
981529
468683
437702
927010
443073
130351
987913
292830
910657
502030
376611
637984
604189
563594
208788
431318
782584
836696
324236
231069
222240
968594
102260
588557
288266
685824
534140
572035
400081
832852
627211
606953
609879
857211
485570
593137
769773
249380
926390
573473
466477
675308
506904
829758
374429
671764
642177
606412
559413
720960
504599
826077
442316
991259
306337
244749
506952
474119
223475
827269
498904
844454
726617
861275
216112
469888
859583
892996
665872
951887
754954
734440
401825
616454
685581
327036
802617
397187
834792
640007
388360
185456
257506
739965
302944
939060
324988
466592
564259
685211
821907
536932
812035
763438
487259
302984
111948
449093
239388
348489
739522
989378
281464
749150
153748
128225
416772
299434
570768
696669
351732
356769
717408
879961
697135
316123
292136
742806
430781
906920
822938
730775
261172
875587
314359
960798
782940
445863
311283
156221
486459
925959
522063
431128
882643
876353
399919
268067
213809
953840
489147
957480
227909
354918
508379
556926
696297
154059
961510
794868
267178
821826
291059
296650
455163
678036
870627
311938
481851
418515
577412
548379
353864
351160
652379
145644
316984
797135
995761
290787
389477
223110
702275
348147
920265
854396
571530
170681
516297
466728
977469
754533
328845
748649
114450
756739
632930
135504
878728
987770
829637
383119
789303
945481
328534
262680
889843
502660
609580
457341
705451
638816
498213
557556
991953
284184
853252
476726
234356
626426
352752
754393
632093
252688
814021
402046
127294
467379
336413
411940
623811
305548
605076
423154
335835
988906
112055
211166
442736
481098
528183
920827
504402
818400
642500
948525
742130
456245
101743
986366
217536
865072
592633
628467
977107
427652
749568
146333
929605
576701
800629
421976
640192
517272
640629
680608
569638
245339
218076
719228
893445
753893
885166
754793
574608
398324
594448
511061
262593
775119
860987
467482
850787
219911
992331
458425
558871
507941
791531
537849
832984
901157
997433
416902
714701
712323
793528
159426
615330
361150
687639
255406
939241
128929
225078
277758
231111
817545
971249
598895
538489
105291
208527
625804
260644
395008
915674
471782
855214
127649
843807
592274
257764
604958
132430
782293
560563
209122
379532
464511
334759
704317
835086
425273
197696
405640
853147
946944
812550
593713
274594
918782
952642
988309
486770
629000
999875
492422
293897
280360
726428
930727
196785
552606
711133
269658
389243
825114
634353
623068
231908
773301
494437
120169
593501
474001
992284
851089
212121
959442
872964
848887
574894
411714
435320
153118
696128
976631
966774
841378
990006
739602
710675
190248
900232
435215
659434
124371
205764
566701
324852
160808
937047
113628
664328
872653
257403
244135
575395
140774
176045
403800
366694
391217
632916
767039
285966
627741
843919
827434
122796
634609
898317
450780
367434
116932
919582
173118
721500
534073
923497
467399
226210
941230
346509
539832
611674
675229
833498
440946
453966
352000
907114
803661
232690
689836
323497
551483
674789
942386
388986
672951
736723
192027
360790
147065
104829
213425
669544
843038
253332
376492
424120
563994
492818
564312
756863
175570
232969
513996
698470
936489
609518
742046
979456
863268
492712
997350
191051
597639
624456
234025
367989
669681
439534
740377
750649
779137
810823
986510
356888
366730
829115
411904
694634
394277
987468
503586
827906
377577
651368
463578
191560
507693
256483
792273
730849
750819
829445
439769
823729
971072
395137
163954
968984
297312
177311
506411
228490
768285
656093
911233
992232
886432
311599
694680
345167
706861
412267
714650
859305
811596
457465
189198
144997
359105
778536
524109
943331
549934
154458
588154
330949
481842
900559
986861
153394
661588
327001
153980
990465
669112
164633
353285
487069
276560
387195
128880
551341
684833
568037
479647
614628
610205
583664
539558
333917
974597
754048
607878
545399
155865
256830
344144
152025
888435
221893
220284
401907
867277
397760
294901
844316
640846
149440
591870
162406
466888
250095
190450
931526
894916
272276
401051
434955
557474
513810
761439
884421
540541
339418
705233
900773
819988
826087
975544
196289
762516
181968
529512
625858
174829
814076
479908
570723
504718
331710
618961
706465
710472
163310
417890
750952
348555
535244
664759
557390
781738
660653
190199
815501
559783
621048
420856
228261
597301
792027
202439
602559
752819
809186
344880
863956
429312
889329
230946
343444
636552
279342
848836
331380
758689
173177
276112
942031
474803
167058
782394
276133
672500
937487
164329
171317
603380
610345
452251
521633
530817
289101
118441
263060
469034
879625
434308
334956
581807
280724
351299
224355
709919
139554
826682
202199
253085
323170
960338
666857
278340
727888
432272
754055
442376
289254
931770
598548
148214
942871
615233
234731
806349
907036
167562
721967
557943
142456
210132
775307
206833
176738
916521
782262
142631
290107
375234
177540
716564
264395
390493
551259
385462
366684
866319
876943
706800
939800
324081
551025
928507
422179
655560
654735
323496
608113
876858
346844
270710
506866
303283
415446
810003
630610
491435
994394
180107
382792
522428
107955
903612
448605
891643
997771
452398
642583
504286
240314
587931
612356
463101
157146
918190
961744
832820
462309
830793
701375
953646
765187
659780
552270
700828
750094
849582
974495
585665
395467
348531
732186
222599
201175
763474
951339
759166
698223
969694
966651
456258
830385
339420
719974
962756
451972
925494
374747
548742
370689
837326
334306
578559
951350
945441
231630
369945
263611
562582
315999
843695
492254
483985
334607
279005
443987
444359
378269
252065
424590
292454
631849
657144
169660
724679
429105
878289
841314
611368
829877
577877
771147
440880
685130
686996
966115
591516
641919
514216
784426
708499
351204
184996
287110
959006
579968
953951
402658
166791
785065
781233
856959
532237
616656
100231
254679
956716
742753
650715
390639
729626
129883
182255
987630
693118
893103
193880
579175
154184
701527
914607
422622
623733
307519
997307
238298
822521
876104
209043
360746
409675
883494
326139
286295
132661
195667
120549
920739
629740
389302
906348
334222
671457
602815
911527
656611
365524
531927
552788
679193
321419
594454
864379
246310
543059
774687
834663
143743
215765
233817
830911
900784
114701
974377
373512
329768
811286
577673
842354
655326
685821
687075
468232
728570
793476
458114
371671
511590
867171
418116
490041
628220
860910
244505
617402
890377
906400
439317
346664
186767
340000
927380
546329
757466
515249
188344
601510
593297
250024
994591
647012
253361
840358
654935
987583
402328
607344
569902
450255
753531
366280
184291
992186
418102
184029
579226
798207
831241
370076
943559
578241
965701
365851
211693
489786
858716
303279
596408
143788
191743
855931
209964
833262
846972
890713
618061
717673
857390
381983
310114
555532
393637
313866
925531
133319
465626
816679
767267
658909
844411
331556
109787
705361
175632
377892
269923
158779
781888
770782
557223
284383
727920
496887
759523
128998
986908
803673
621107
867375
486794
549324
342469
392812
532531
951769
347211
894211
757593
787994
325474
922522
734501
105113
644645
684004
440439
776157
468961
576083
469117
194100
638967
207749
284482
210049
178918
277662
162101
445189
959309
737802
868465
595478
215940
168226
981823
238881
474291
150384
347789
543643
504429
160498
924141
254781
104371
288613
676548
416820
244333
247035
821671
455715
310508
294930
524174
111834
898530
132753
589840
505303
186532
501768
762978
761009
305209
816662
882204
424757
498700
579414
467043
584895
261486
266237
627190
829093
614403
472224
925749
267553
892022
719109
814514
735594
424948
409917
365240
537959
387252
275818
466806
873201
596923
644564
376271
839884
203760
535260
413558
477997
371052
170992
809902
345405
350023
211153
198665
420172
129512
614265
626577
500387
985810
373509
910612
402583
751289
324535
518225
156138
870689
239089
886812
313203
207362
308000
604839
559360
832248
834522
177120
577439
937959
916335
829391
120648
252369
373958
367793
549859
841836
630094
899129
418806
541560
422543
786698
262346
997461
333524
578883
575011
113387
805161
478627
326115
401170
435201
412699
355163
751307
130575
404885
680609
966223
674759
875708
129733
568097
173611
990661
939472
172672
624214
807063
651641
130382
431821
810878
723781
388681
316995
764202
302038
167985
156214
842975
906792
111069
335854
889868
944845
165997
263842
252788
473208
587898
827757
410945
650981
529515
120699
912216
687414
619062
835652
409172
745114
271782
188644
418864
614409
340730
625300
446182
915566
645606
833079
310110
560140
394332
315889
424012
128043
583155
998833
728792
493683
863371
916538
938154
535852
565709
358892
110797
358420
495273
983059
345595
623659
917224
567768
323175
236637
606229
990218
627167
558451
591088
570828
139741
673489
708310
937022
903489
345687
559194
731035
769216
458892
888730
208120
352057
649791
701461
584303
593227
862140
979347
543293
403209
316209
255587
419871
778673
638621
886576
552884
759188
207697
401991
547007
806943
332369
281772
898383
504268
598711
610528
817108
326076
664620
293351
759647
508323
875427
108194
359052
507406
266730
111792
121401
926009
710733
968107
414221
472383
156366
738950
298947
500075
727016
688246
791720
943907
819030
563758
212813
505924
332251
233986
575564
441911
652486
621734
481884
805912
151480
742448
668734
841879
698109
679024
321374
769789
858029
167580
882907
533492
601767
362895
919479
518443
486690
815480
672170
220038
638353
349689
103718
669913
161181
875971
196837
189178
265358
539606
791406
182864
455248
877596
915885
138825
589802
252942
104666
403064
476909
979100
552501
227660
334913
691022
306381
644315
929143
653243
603654
437582
360754
378533
770601
443050
849296
653849
884837
693019
244829
451911
160329
718851
370116
475747
615261
431034
402057
171378
268913
427950
972103
572386
345932
407010
412889
876982
889228
665842
529380
332411
878489
167358
456204
886768
147599
933296
570614
255133
947051
982810
896905
249381
217842
722055
802919
768630
260032
442153
138084
117302
725085
543435
787186
448953
997931
965313
582515
784521
485721
522599
431850
769968
456196
890961
510567
551748
383862
778536
447755
403610
648302
865883
410608
847493
282104
228172
233113
591732
603167
583039
499503
714038
394602
498608
133842
834278
687265
977964
133229
351643
183496
423219
370305
522025
603459
741017
436005
596810
671092
539199
742701
449075
852751
819297
353055
842681
153675
451981
115469
338719
492991
378740
130490
537446
112060
369877
548756
775866
534130
370707
632179
937309
920627
173842
114296
801713
805881
470592
599597
565783
170430
209601
708613
326829
386229
764519
152120
422542
682282
249360
792036
853713
184833
814914
571956
812114
975298
779490
557675
604831
967370
411617
487270
395739
235547
663449
514040
925889
383287
519563
643575
261497
175565
227419
187728
457927
386295
333256
747586
750686
731703
145482
952864
282908
789847
912290
802593
238566
339515
950577
564956
716261
901456
849520
278910
871655
395041
802587
246593
414808
252334
800482
478443
653336
229150
944306
694099
917074
764489
836423
899413
429734
291605
540627
170232
434305
640247
702714
481700
756501
989554
842285
367218
993883
797658
741297
875824
516799
723771
881139
214562
818959
531877
539764
135395
577572
383503
261618
279632
541229
625260
101974
657620
992053
702513
515564
354613
418604
537592
122391
503284
407999
923342
795565
135948
343899
477722
720069
367926
115610
760726
396983
854879
765453
224016
925591
328487
248495
300182
187053
966587
544887
428251
735842
909915
724230
602213
880732
589621
844500
529275
506191
270243
203949
415930
307677
349541
211008
122349
528932
857597
961507
761995
378366
400620
749808
747083
521263
663801
176038
749353
469198
295239
876433
143670
358374
622499
803463
353499
796958
422517
781829
463000
181725
899589
406845
961716
550954
148386
219503
635307
145835
104211
186312
679000
385281
952397
186970
714374
517524
644935
526039
744654
466767
171284
370729
849183
537012
909536
826656
324739
577205
828916
544213
148004
992529
351699
672575
205687
338940
450791
371793
877735
576405
520056
762789
439921
426727
277332
963593
552841
338498
246281
143838
953178
679047
484693
394495
655688
465635
719522
257569
884641
273737
660872
242964
982829
161684
735238
554901
415475
690725
165179
239343
448994
187612
727778
745974
220466
831420
248819
855082
754761
606292
477497
541287
938883
613745
871708
388887
336703
259640
797125
537874
477244
435820
569226
652532
268297
626931
140116
722515
701086
486903
827342
762170
915733
725923
221528
114998
434875
215135
427130
823810
625275
952975
314820
516164
364607
380029
998058
482026
346284
820909
919228
307984
886998
535755
504979
478745
862187
183429
302844
830206
755516
354969
530977
483697
709544
187914
756672
420425
530873
318325
819009
754682
908240
863452
945024
968704
445758
226675
219301
990263
901947
156757
884024
574439
760017
126751
304889
249590
553971
322047
317648
430156
614528
141321
461714
536032
341961
667021
197557
706837
457734
675346
602233
802368
169475
607388
717043
397295
629987
898131
457796
439813
416170
411519
423700
986731
979587
282265
871237
739808
700312
264913
949582
812544
679711
950373
319614
293713
420543
913642
737946
531386
895646
121254
772792
653694
549500
132860
242071
322861
442844
624116
512600
108302
611624
903995
699194
153519
160365
589284
977258
398519
983582
865578
992335
783331
790425
368561
519623
704876
250850
217631
697486
216208
440661
123602
678239
789655
709333
384742
939079
246544
791606
524081
910681
485354
480347
757745
600525
901605
966509
852487
185322
769125
274926
140973
384577
917130
354116
549215
755556
148478
109719
536475
858798
155615
336457
468588
409803
633008
796699
877621
691469
506906
617921
287969
958676
212570
270378
740756
808546
540476
198026
232831
498890
233835
215190
938539
225492
443818
184345
110536
319843
439633
915583
863692
571871
997876
667134
726927
425500
335093
450974
262607
753846
759404
644821
595675
843731
960785
619856
576295
125312
147657
954906
624763
185800
249714
418207
187930
561425
159467
165910
993312
700197
214149
135231
794593
830414
732336
745933
961179
893028
436738
911886
568529
288295
464377
596738
844369
581490
696109
728667
245142
752112
230793
328120
749540
815913
732480
995010
491626
850349
561675
274309
654182
918474
979606
233830
723350
816711
591543
476035
937805
652362
987550
960139
430938
738856
368455
240853
263065
681913
520807
390115
515225
184396
363637
563721
387363
390247
812206
381392
631380
884433
538910
637820
258199
447758
524199
568180
847145
690408
123570
851307
519829
378204
793180
978892
187740
610216
934380
933812
917177
722147
467519
426125
906852
879683
224044
513085
127191
165904
115138
873515
417810
596127
752405
459245
754942
335665
373442
706233
111188
910380
318151
254822
657600
365724
646881
888383
690127
585093
899062
640727
114850
240324
407795
381747
601434
645554
594369
643943
512798
398460
558565
574536
327366
211617
620122
421215
126676
395102
575285
290262
424859
205061
811179
514094
583234
565351
399235
809457
105295
186977
752823
150480
417234
502272
691286
489737
594244
377410
591237
865705
568204
694879
255750
824290
769303
460559
821341
319966
490341
826312
289304
370010
631336
399332
986601
752597
429674
280212
400074
502086
369299
923500
416741
586171
549692
775041
858330
893423
983138
565725
437704
123435
138116
161800
467846
724000
593436
543118
531429
469805
355958
351000
895833
727118
558505
672614
986873
568126
937727
989699
114833
939245
810787
486156
315936
824662
737151
760353
474491
313765
339431
514741
394704
863732
197205
435153
503418
804147
298909
329082
352052
341321
170428
956441
967484
289703
636094
320684
196556
942836
638160
566703
104750
259835
376942
243136
817244
360320
284602
695856
780698
801836
477350
813973
295621
261020
569814
203061
335605
341821
865260
542315
587182
725888
686901
704053
573282
715317
634227
653427
153128
496156
819617
905892
180813
216649
648955
379620
388179
118841
905602
497328
583628
660194
781188
601754
764683
205349
649164
238026
255830
754715
235791
608537
647484
472341
771428
750717
784635
179834
365408
551105
724986
483298
522279
902488
812397
819089
407707
358146
711355
261432
213829
486232
331648
192741
430062
687635
268989
806278
702294
810985
595359
417910
180187
564016
743312
538577
983260
274601
565039
748493
726282
374745
974870
890158
285984
197267
914911
739020
141363
362260
884257
601114
951356
587362
355346
934346
254449
181282
806607
809322
365159
146755
998017
692808
368875
936433
147018
748893
853158
557542
197477
275540
116601
931370
486281
434248
966178
817427
987862
712923
786482
797771
766620
301399
964226
403996
241886
824226
601794
638202
976457
486751
580213
326381
792681
221648
124141
818910
482009
339513
628364
597046
703964
714736
924789
506039
498375
865797
406982
817486
657735
431014
677531
497399
833209
219850
661754
400271
630876
376599
658072
514379
942435
220011
407912
165949
463229
177489
483530
886817
818920
696618
556619
934566
286895
930504
782267
899394
657469
105896
383505
258228
960191
306535
473686
645384
251556
429586
611307
541082
934495
198051
119143
614242
413975
541956
846706
793622
504550
598266
435735
488070
557048
918884
880669
910592
786843
672638
363936
215768
363245
557741
918941
786579
973283
686334
133759
757299
110563
454372
966258
276304
781691
911736
510969
551308
889588
207071
500075
966098
427807
399066
737433
351390
308530
199623
775623
985167
978328
761690
301232
431939
868473
324293
601310
706843
743515
313439
428000
236245
959916
613175
149312
688682
443665
964752
843109
536287
209919
516418
639245
738777
296131
388249
389651
592774
747294
350545
924064
407815
302480
238535
536566
784772
200070
289724
200992
818430
305243
462413
629589
352352
802730
759443
258498
561631
436804
288102
681095
785021
114177
912148
618385
933804
795069
697819
244769
552060
257457
392391
876500
914925
655960
114847
610941
390961
559218
657033
750889
948935
153165
643750
241337
111335
790388
108121
198612
487667
517045
496894
759830
499943
738706
580425
494011
694518
586956
306242
561105
767379
636758
743938
810260
559744
393180
342318
832165
636747
562580
178582
317679
193934
993787
140421
788873
279472
318764
702475
569899
968368
114412
417712
675525
653306
972498
644451
296124
720862
956842
145686
362300
369157
711847
734280
200551
259458
811565
106401
444800
872542
184704
655981
979195
592382
991850
158670
642202
524019
954723
810062
234845
591076
777378
136889
125813
348413
283177
266817
567614
419620
932791
156158
568011
127387
104709
917438
970178
202952
178212
436411
352001
955012
862207
258571
579180
801280
994813
408219
445575
772311
901020
304584
267450
647537
949614
357588
950135
129934
897572
788352
687430
296155
312942
468482
283656
131819
801865
656324
410924
448592
510175
223225
175306
698474
273439
828283
222844
968135
394896
943754
891169
680155
962795
720363
648145
656302
726870
382918
960723
759179
199521
728197
314638
624508
133027
635272
391189
983250
168167
761252
267653
303654
533363
232040
109220
145405
199112
217247
111270
532529
990645
754107
790592
290986
867647
932151
880273
542756
851124
998499
723981
932096
906355
654923
490427
365909
708805
598737
664121
405192
278370
644487
379203
752079
605883
217510
147272
716346
265115
239824
854692
707558
738242
765736
254976
953403
305592
718613
705001
373870
276780
736708
858148
151319
639945
234877
305664
986695
922667
491213
639897
522639
899939
594859
993961
177052
738681
732655
676376
583941
906558
150963
848479
969423
172591
164038
982315
658255
666440
608265
341028
881209
879078
665611
350472
684182
299320
871289
418993
150881
634173
178065
471533
290365
485223
273316
527610
444111
519821
875095
875282
619384
657910
294535
526607
228805
836096
367293
221482
510873
878690
333319
845994
133765
789084
400440
432287
569586
526146
768603
607320
439743
240956
779784
888418
604847
175227
372419
390848
104592
724980
587422
828587
438946
960150
527035
463070
566782
864883
296738
533325
546265
213861
738635
108231
914798
763021
670044
284869
957631
151541
883482
596081
871130
936197
239475
433152
370397
727276
382796
297073
327522
260570
999540
828852
336967
828150
434316
121730
574723
284500
148397
714965
715113
303892
970427
621981
898300
661116
825637
107039
255750
102028
428339
349714
107567
672224
593010
167597
113346
914280
345605
724920
219769
662984
473292
106087
296624
412944
886862
272216
497654
797704
775373
364076
208975
232902
712667
321279
142359
316538
104097
960651
398961
541488
865370
630418
140693
169958
815381
673356
206290
765627
759607
855388
284192
456368
967253
218937
842393
161395
264546
256591
124467
424839
894079
652071
673673
174397
683578
880851
426251
841903
620334
606852
808585
392313
648931
770625
218536
665922
109293
442387
346570
613049
808996
172629
798649
925309
537061
110083
137118
515350
465617
413714
464538
818530
815199
637517
713074
648913
815956
685088
385261
964387
613436
824241
978764
215928
201523
550831
522820
707497
980631
714872
629109
934723
984023
310069
618301
111713
564636
242394
972578
267749
609565
870375
771286
799652
674096
706905
727464
931970
498613
553781
192958
678495
468931
388327
326271
944935
809084
527801
316411
173665
808544
153991
103271
698880
284279
170469
837044
269513
987031
241654
907864
799661
754008
248906
854731
895668
918932
909485
550896
853173
752511
373069
755655
225234
613399
471819
328705
836220
519117
669175
939843
763442
777772
434082
160426
399029
795104
251736
117707
545196
359475
688271
160050
184269
469106
398386
895971
287044
834814
195608
335809
364238
154993
585720
947903
433878
669785
200729
598243
942665
471541
567430
307940
751926
148512
885307
119424
416317
239775
371779
219465
139246
510275
617190
253736
654383
576707
921207
583261
250925
315648
344664
567527
192348
495977
175764
894702
312965
267265
793529
271504
407073
140319
726586
885229
858295
310570
993166
954204
969155
841756
804470
678064
448143
465500
935420
446861
685669
214239
668037
282130
159536
969690
667193
170119
143588
786181
676856
941251
240134
646953
524706
107899
201618
979690
824300
486532
738880
333385
110239
234767
211412
455311
206323
516073
794695
934131
916367
348215
681152
336190
286868
476223
278312
395717
527144
521884
587939
194004
896254
502942
639143
855003
303519
176035
555760
866944
401089
169119
744402
473257
411394
791654
874755
559971
587985
745025
670808
940087
773087
247424
304085
442759
438257
497058
838929
557700
741259
419067
449386
306065
943525
183144
154528
257726
848914
865611
106441
274909
614625
596749
346122
444397
651503
827048
233772
419033
169249
666892
824668
397225
598838
875061
398961
460296
855624
942751
888058
947639
128099
394455
903398
782901
297967
293445
151977
784996
905794
297070
430131
669091
578891
683500
330671
799543
488439
354148
675176
834380
844299
841832
800518
534318
887578
446909
807557
203456
295472
625628
319437
883139
241364
473815
223878
256838
634145
900573
950171
932524
679000
855540
971932
660222
568178
261325
283321
716306
597214
988266
110445
382696
716316
632721
863973
127820
659148
674444
397274
310724
793546
206912
970487
811717
765870
790056
175617
383191
992261
361474
407388
344200
839792
778078
290459
982009
681730
938926
195607
479324
261303
689956
147942
792336
140520
863281
321516
256030
554556
395573
502810
128439
653819
722069
913234
582273
629067
140242
791557
247084
817994
388414
536645
989920
485363
678151
870590
105499
155720
105361
309575
218260
294049
360266
234578
699723
825580
584277
272572
494904
356878
787810
877732
505412
750471
888679
840021
661946
639496
523531
870321
787975
348002
800613
947513
352484
672054
250122
209752
399357
910742
643817
785558
433503
212794
228135
854687
832518
979006
441516
578092
864814
465116
888799
650710
104446
940414
405740
568810
356592
602121
515202
660493
770395
662657
610779
496560
999883
358143
671328
693916
921125
151322
267032
131936
677444
923905
194204
930109
101250
540458
857780
654187
866315
338576
928970
389073
357320
254014
890821
552441
514045
445479
849837
565770
272373
172384
983333
243815
742838
979733
844063
303642
547548
272254
703001
317518
598199
969254
297132
936884
415174
487021
375467
963004
298075
638038
694811
362282
733499
396350
811266
532925
571420
435689
601372
191582
631224
968249
756684
118625
848432
306395
886364
742815
323363
380529
315291
344035
911242
909548
236225
710501
683945
824151
470831
609048
267016
374173
300535
540164
859654
626938
163373
372926
499176
395964
544059
284502
211734
510889
164048
923296
165718
319147
596976
351003
252710
555846
333933
994514
476181
449689
416250
415531
594715
532249
940853
203362
604276
412953
762892
753313
567560
149862
678917
670733
277207
713391
371589
604414
466116
272749
652188
804317
122363
568305
273113
567522
405528
855274
254539
896000
661554
639464
377980
797258
507923
791164
309892
592667
738118
556475
135344
566520
590879
357728
924635
433705
544417
556455
554827
331376
427212
464857
290266
133544
243271
636242
769963
494304
893555
903988
906578
599794
507696
538933
933909
740888
969445
177926
413765
365242
726653
162819
180282
812496
142488
711232
398977
123371
547691
945504
792229
236411
617609
181706
160367
780259
525809
576095
311429
250553
460701
202683
498991
271499
718362
896280
589591
218380
334420
348520
246858
666641
945911
168029
197537
761993
454942
939895
359681
101344
801792
177224
833373
939578
793040
332106
358495
132455
752156
442604
825870
420620
116298
389183
358419
387960
110306
432540
364221
109368
576465
221692
967697
558333
233558
926244
792088
335508
313687
536046
459667
219109
876928
816392
698771
623089
682841
862668
512351
333621
600538
425000
842233
314517
739422
327425
904411
593362
705395
629603
722964
607441
560949
697470
484168
502314
801093
172823
341040
443038
150789
459374
726302
866904
683452
373691
307525
582291
672798
443507
111286
452989
141842
774479
861468
181691
849777
273473
524447
518186
213883
677955
276920
871621
958742
380146
459423
507794
999753
930188
798483
525804
766036
781187
250900
767306
547650
565543
210521
113294
498966
787842
595586
914488
569774
828555
404441
132340
747153
858821
478363
590476
991261
711665
392145
772790
331509
502473
463087
186817
802695
667214
351827
140928
664203
589449
217027
442296
545174
104448
870042
757625
840889
785790
841590
680328
276953
255148
414413
405373
645786
601652
425220
890016
434914
355899
897713
254510
177883
136462
936567
783336
201600
294158
989549
523648
915457
135372
375516
832779
679428
866737
900160
561449
194420
697901
185455
437232
738971
155803
840455
210948
801502
520836
281335
130837
606671
841799
320045
687496
254978
834820
207078
373135
916167
993206
846585
597295
562412
695597
287362
228104
957591
692142
688343
401309
829991
907896
304117
880497
105602
696721
368649
135294
147971
867266
560939
351418
902254
223437
689129
262660
458203
581037
926372
855948
563453
918706
943015
895623
669514
676269
850026
342111
501118
633244
397970
618894
633321
151684
197658
643517
168765
436752
800862
294915
125029
632251
280877
878651
557560
384135
572190
380918
390194
130243
544407
724304
475815
220935
598692
176412
369089
534859
422137
569549
902651
320981
237680
806551
139901
376886
875965
865410
566938
288678
216555
435627
580024
184513
880574
102392
923711
146084
276587
733070
322773
176941
774805
688279
191486
741112
329815
735852
719883
699205
851449
472234
727768
570289
850586
298618
799274
149838
637850
192988
433795
143201
835983
416792
962983
488985
382736
839509
105823
129902
233808
213850
731794
389614
195122
667086
893949
697292
532664
313430
920981
638715
770348
657728
314842
313865
490532
453127
858025
973553
501693
483489
830985
263048
371169
150167
410403
178018
218183
926734
819654
290555
814803
769726
811784
447225
502830
388227
764866
864829
942066
739678
535067
369304
235484
285285
947167
324330
426342
598256
545990
518520
747277
253310
295247
462241
559082
507660
333838
196339
916111
337188
164407
976736
249607
554043
417025
471453
833133
386147
279307
987924
716577
657730
675542
198676
264476
733971
370019
184795
637878
868408
768630
696965
985713
684387
430609
634152
303426
712442
291270
297088
838694
220986
886219
439419
309014
749586
332974
567048
129207
386668
120851
275375
812208
247310
199142
626377
302825
945733
113217
136943
176114
158416
448119
144063
645428
527892
238519
486328
153224
785352
960771
302914
800330
401758
366366
204399
691861
735540
235821
715973
407176
988769
881509
928444
560649
223314
675639
626713
522078
875077
868648
925018
538005
803809
418270
275452
593854
536241
680106
465881
435339
585405
900800
584089
708379
361633
645309
836422
427523
966811
295982
403533
578494
201978
695358
435413
872067
429673
801053
942824
283039
475058
810805
736319
873967
333662
805845
766737
453209
206764
294117
300119
920598
274991
526195
466847
634119
384988
761754
728829
737591
963790
171728
217628
927795
532174
583174
441604
837445
488347
992920
373478
635147
744171
732905
117126
254194
985687
499059
474295
711209
720066
119039
615238
227479
489995
549199
789868
470661
461629
667996
552810
109463
202545
920182
695618
622187
973221
989642
500739
183834
985652
588525
916742
619045
258878
822819
410231
295711
762295
881577
189065
283017
794342
325688
302207
891435
241255
227320
515881
706449
721844
167966
861516
218699
334832
268534
515091
715254
408462
396677
228456
513061
722826
172261
754121
203416
637218
806551
334960
955246
837267
320685
464717
315634
385818
657865
209342
909463
418603
300545
120464
277355
284879
767634
450807
284139
757680
813651
533911
150908
269448
979218
416095
708603
822756
879180
318603
851582
664832
611253
176032
700301
531681
335973
564553
825026
688524
314641
125310
404439
834874
822073
257050
916411
988338
210963
117100
719094
720534
988271
288004
590246
269877
670787
123411
922132
182999
110770
246011
481959
336189
854897
802266
729877
509039
401636
779312
122246
403071
489595
201301
447891
209131
470570
147322
521659
626334
859622
908983
806641
532597
639599
835568
114650
907061
875840
354489
515809
387075
902950
438411
369341
440072
740704
391864
639577
994459
855105
505956
939310
859269
731071
135074
625960
851735
215148
566210
488563
629044
508754
921315
819470
573933
702706
691984
748036
878438
794228
953871
318319
950468
955044
128969
225288
228142
887143
377614
247959
906583
968384
828873
809960
549577
902985
146969
349058
153633
892565
263542
586634
512505
322720
823079
174224
332794
359828
426282
933633
831922
567640
684024
416280
575029
222031
391258
938468
846866
692716
437236
719999
782808
770419
833836
114367
115577
662283
674628
881052
458344
906664
783263
758162
950186
742987
886526
845449
191552
493548
753774
580248
335305
850206
175766
823767
886252
211900
796026
389140
548131
671551
512484
597096
645711
347682
362485
558973
282715
135950
801547
153217
633237
294387
855364
230605
645208
595853
933817
983284
176147
226854
943577
419463
990117
569266
693037
883047
663531
662452
141898
437620
694855
242474
840508
341609
211102
370575
803021
663378
923713
743960
649610
418434
271836
678834
990970
522106
572197
115977
886278
697606
825532
270381
266666
699055
871935
747527
520095
218430
632514
467021
846633
150139
273091
290355
423682
945109
525382
708306
313717
194914
697102
713664
525543
249722
283182
231100
416359
864113
635549
596970
411334
591777
392773
449002
265960
596481
742437
871575
585259
125634
670866
484104
472971
746225
912218
131661
129356
267538
660314
791788
461889
900619
544053
720619
862383
940926
146623
861515
633774
190897
557419
577283
509934
850655
808952
446381
566812
744401
836945
836152
765823
758342
370803
808292
785923
648555
775648
526421
253691
329055
630219
778093
744247
315047
726438
306929
189729
598035
729420
146455
812247
593058
432900
168438
568881
115041
190617
383945
983183
995614
299634
525812
153724
583646
634208
180598
725957
998812
602770
235223
682651
696201
689406
621790
205607
927796
851963
131735
341138
956509
291890
952117
935482
822833
728311
277898
980021
365445
953998
855841
930656
667351
635992
366567
465262
712937
577265
793766
405622
744808
831739
300472
246883
710251
767886
633254
466467
975331
127823
244596
561123
742751
272788
316780
154685
574303
149805
562411
160011
890604
676890
646594
124876
717168
785712
109124
878982
790201
857536
194175
561201
381396
242168
565520
272837
966864
857885
385228
294874
264089
570673
462128
950897
959087
589636
171637
910092
234371
157620
946094
509369
203183
152819
279374
711319
460639
101356
267767
477980
212791
808003
462264
247819
639323
319537
512304
502214
290160
974805
214984
562946
597373
429370
379692
512209
178135
697847
362458
278211
314810
165754
292047
182069
106947
180995
680473
629471
138682
734367
574665
464724
774086
141133
872167
742743
933950
486076
223767
581740
921955
955980
191406
194633
421696
424537
517123
305273
757996
739953
919943
273779
470245
578517
294203
203416
916483
528715
251836
549178
129547
382479
197220
829566
337413
311223
740692
210257
214895
885248
298868
273775
778102
964311
170788
848172
517910
395736
225012
336543
414654
839515
486895
169777
667603
775800
159455
894219
399337
956231
236448
711872
848199
899218
390964
584641
516343
301929
894923
863390
518370
356573
121691
547702
167979
543891
760942
762933
859689
406298
524229
332307
291177
765357
127530
477029
514730
375802
488244
512036
904929
897333
252619
887723
289390
497818
779448
455982
642415
944316
355917
845885
571035
884379
233782
514115
117697
150278
740222
898658
764093
354225
666230
538525
875738
218153
835226
324617
567874
744557
836176
117766
613036
437076
638119
488485
174584
956476
850645
833071
633195
687104
489640
523629
909801
478450
862451
492450
688315
168365
712008
727411
507600
916522
828448
959488
459568
844163
786109
187723
310186
216666
279119
567410
899164
288704
616994
331782
315013
430344
171263
176515
987896
434189
226836
454987
851813
773335
503317
383219
813531
219988
640237
958181
952686
996803
876962
674929
948323
968618
784109
430758
444300
104406
426677
260096
323994
316102
937088
450972
554547
849762
603540
401324
498185
952252
915169
584728
931602
939475
333052
601458
705432
977145
773616
156001
527763
607408
782147
793980
309280
848934
187017
719227
770954
398191
278666
142139
996388
606647
971165
205773
154775
224486
465762
282293
336196
151176
800428
681672
405938
690652
896411
310829
891663
882062
739525
246476
122952
796077
645674
634115
913252
543537
182519
708373
654995
309961
979795
973316
382842
494651
698314
190546
871197
501742
948513
690985
143251
780877
389094
150573
205789
819146
332732
475520
484185
274698
252103
447061
598334
869310
457737
418481
229758
825934
794373
407395
191760
841824
411419
601185
562361
196124
921061
742946
658808
558742
208072
860186
967190
203624
179779
529034
127781
338463
584553
697634
103379
223350
444855
950708
283811
400242
324538
856477
207699
387659
359838
408708
152324
937384
306615
587181
116459
451468
886415
680906
391810
121119
316187
710409
432002
616071
428782
554099
369389
926086
651483
829245
545613
544702
751857
669560
403743
310454
484707
448508
663016
376500
339532
918994
126610
126989
108746
247918
631795
237559
607030
338843
205542
642819
886613
917986
370991
562979
516470
838529
223895
952574
154509
381395
187211
237298
461932
635955
118175
810653
979829
822541
755200
269899
526715
341472
686754
665975
993178
459326
820244
892537
706669
549876
608373
195172
260062
501534
193093
669099
867905
889046
293824
998178
194967
745834
351944
108703
561598
968322
724406
672056
197991
241390
108067
710810
352101
607555
192277
797520
110824
182777
345528
883228
375198
422570
305646
487484
359400
636354
164514
228112
699292
959658
232181
388938
417232
179276
822088
256403
559778
323977
421396
874148
178952
394628
117514
673552
746146
311981
170126
174476
374947
816803
260610
469441
160230
178869
741800
373091
365647
206779
838342
452260
659286
414410
101900
977801
819371
564420
903959
308079
301896
667271
958872
379827
969586
111157
771435
217265
929547
988295
191888
170669
686340
451197
351300
577589
690376
836932
392733
672850
591406
358208
685842
790619
442732
276412
875032
196547
462276
513385
255617
380526
964810
855902
832713
101620
552549
172892
445260
232000
163529
500816
908289
228302
482196
632849
492316
483306
858377
435832
173899
292037
752943
349651
121986
754903
682410
876922
577889
804710
966808
742413
499830
803201
128380
277701
784446
878095
657053
795061
894215
807842
844950
730078
242335
235356
509687
700998
313703
177719
328499
677234
417101
145526
587931
914342
171127
981050
210943
574632
843959
879591
799216
795966
877968
279849
395933
827457
426196
757331
138768
557825
207285
855705
475775
289915
166244
796528
821285
578328
452795
561887
290846
556018
460123
883831
775596
247484
683280
419580
413158
105392
590984
656399
209022
233946
746265
397430
185394
303132
542137
626426
411407
475808
104412
224198
730769
402957
933474
632399
708999
576009
432229
549333
292376
159957
149513
374652
364652
752714
848073
658078
822163
425589
565112
971485
312100
181613
725844
988331
185440
911572
145547
260381
826103
292052
391708
339041
638047
452157
827376
117259
281819
896479
187062
729506
539480
345768
880817
322330
422171
664896
168908
230363
317802
541607
705188
855934
890924
839959
808262
254760
461056
923425
246744
367136
804427
380456
639160
592544
482269
824898
114886
875654
858834
367157
948767
494380
404554
750502
460624
714656
152445
128607
842955
189986
182748
271199
463323
624086
778658
163537
347304
743555
881814
596174
546675
337404
829560
699890
567304
335116
104641
501078
802630
841210
451501
651746
752255
775486
557311
237567
302110
400479
899155
324755
716662
232111
525198
397274
842941
777894
428190
217615
508655
705762
172210
449242
373670
168608
440806
356592
988469
921103
735543
969306
603966
512421
273983
159091
588717
841502
457599
312677
616984
281665
402962
992384
314612
591413
353792
666981
604233
543315
346293
811423
622684
177346
686710
463711
796635
367518
957893
896921
751829
799675
218678
371346
988428
224013
491530
192723
619210
386467
924338
171885
684838
154376
247259
841663
240441
241776
451559
934664
193727
159555
100939
729779
691373
385803
603534
137810
453875
900269
136335
774325
374574
692828
676668
604265
776437
398570
979825
782967
365064
783819
855996
427606
383567
417738
935594
175794
545530
309064
108486
970512
729163
275981
805858
784767
469797
747252
548171
274135
817282
624694
228509
861455
592280
627864
211074
393413
117008
690953
584282
878934
157757
773647
955682
494614
673619
254482
460300
821881
391512
589289
511135
553616
136353
105003
967591
776169
635637
507893
333353
510722
270614
419464
282970
964640
571748
264707
263989
671140
194277
152268
260933
672418
110287
485403
755433
986381
652696
587724
368511
795385
523362
857794
767423
109958
155309
443998
900871
572545
639152
256812
989197
550163
583265
374349
319402
482107
751467
384193
860713
731291
425063
476129
408416
851644
422634
192784
705424
202313
740115
106126
368336
139245
787326
138923
485454
608681
414920
195989
922928
181403
558407
975462
459482
313431
926047
209155
872901
598771
629667
330419
863990
146399
453825
573907
730525
420625
755761
959780
882899
423971
695003
141592
780660
285791
848488
450539
803038
588713
531555
656798
174433
346009
607497
421438
327891
422967
750132
293301
708541
263262
551076
627232
277338
600645
536296
222855
264097
438800
928331
953166
265884
193554
600057
347208
547507
491961
757959
922103
855732
878485
364451
792243
975411
938379
655615
549577
958705
545327
656597
815283
956105
245298
798562
470857
285103
672106
900789
571928
721815
484859
698598
528771
809108
407540
791337
954577
295874
172668
653025
730581
397437
875479
358326
813027
288354
273903
873735
479574
190114
429075
315200
335846
489141
120904
814887
531630
265883
190566
758896
419077
379626
532799
419500
183113
929330
824890
716123
580239
400791
948429
566414
855726
700861
594160
919901
342875
428021
157905
541367
160868
880124
398429
905513
434912
437777
680697
589601
504067
979382
195590
383569
865217
370764
934815
349183
734706
684863
375185
323768
196123
291911
365002
124088
633951
320634
347495
108120
812234
430824
681847
644983
327584
881364
189138
773636
637085
543088
638069
750747
380556
135032
257466
294759
632855
827132
250762
433010
957790
629627
751858
676477
405899
298682
832513
359049
803295
527068
116138
453998
786950
746138
240245
313084
326440
565059
197447
259308
644242
503114
551184
338148
689980
247679
988638
476952
609140
730617
718940
491378
292041
468517
784480
270436
805138
986326
560378
851304
301381
655619
519781
480142
251419
614259
132754
244938
847989
110394
238331
683125
313544
197192
964541
484987
252214
593655
880005
375053
979126
702224
946895
940407
659510
655943
194493
971183
414343
746601
665181
363837
609796
766081
841312
131419
391753
468383
897588
665660
301236
777929
231836
644171
405662
781590
647504
247961
114078
794997
317095
847150
521098
462077
286633
591138
746007
115309
144209
262189
248420
184562
244367
535185
883164
665850
495621
853992
904180
471161
536438
959028
546807
283470
434904
928057
812826
981806
770701
490087
479404
688331
274551
301600
914337
673067
302997
286473
189005
639851
651647
158083
506267
916395
717544
454207
395060
694483
959045
754995
200807
778823
751417
502288
317929
181941
890399
178569
127774
605208
319510
294681
857220
175866
174427
816377
455366
753343
208403
701403
989114
297994
313035
510336
467677
520622
469511
213076
291985
313076
389698
179407
698197
914936
772836
482804
629273
187119
577760
718110
979502
555681
812299
450385
515696
715755
600550
279540
935998
300629
595830
351146
884851
784929
335122
291932
827440
144015
409690
433124
727304
883642
919019
398319
980730
215319
735254
256718
498660
828925
467807
272541
904198
788362
293052
668775
142053
188272
410507
567757
156682
902207
295429
301545
820442
853517
416272
184354
424803
620781
509437
884788
308489
845310
942259
132201
982972
178067
541747
559890
552898
900268
786603
683653
190569
980953
465273
446908
441501
412672
901467
687434
260141
496293
782278
252580
825988
926389
494926
484588
402826
842336
864289
797425
186050
512506
585707
383950
230493
147809
885462
809652
310037
690199
642016
365788
909351
470438
571693
328888
356257
711650
109923
574867
882125
603040
240507
969411
986604
298129
566024
798371
801769
592125
288227
790339
602407
116547
323607
471910
445057
267333
453763
239714
763078
782751
865811
998624
826069
933116
529075
771060
855382
781379
705380
484050
125081
103332
640585
385571
203859
691815
475304
651578
742337
882972
900477
841228
481275
501598
392127
792243
620433
377027
922638
214278
164738
319980
251842
133283
540130
354767
113493
784979
157764
634345
269354
851760
710152
757803
582799
238031
232294
528197
911363
299329
365467
787112
564678
649519
490528
834874
655116
971442
395554
793378
856527
284085
339990
860582
906113
714602
244726
824744
417377
676304
615268
585293
707346
817525
131808
826175
284088
837851
720499
102898
744964
246007
527558
401798
167676
133656
363434
647192
407639
729764
158706
698170
779648
837521
779738
198877
584220
727234
803283
740651
649829
345926
528616
749888
365769
534055
181233
144610
162192
397000
469725
823170
291278
990358
804102
684263
343293
678534
650729
883188
897683
234325
475022
256935
426766
688998
941404
322801
864830
738158
839255
181852
833487
193978
506220
727597
507637
598837
146342
711006
646399
905299
609490
326146
495567
274945
602211
265776
544182
797348
167969
148043
449916
605157
966926
963350
174557
183875
105263
752450
627364
329553
731873
137932
139861
214309
225537
363066
574810
312111
148924
724923
991550
911997
560063
817359
709561
751686
188568
775988
616148
286784
309006
491897
876282
747849
905575
387470
638630
445010
990667
366768
738509
722161
698630
799450
500136
306649
851951
732663
419594
509265
517272
696553
124342
755982
789309
519135
627992
582496
923528
828010
644502
109880
702031
970162
980761
880743
146515
789338
666058
693971
803866
604083
176070
792614
777003
194614
206001
155504
942157
764223
251439
254272
766373
217112
445285
377676
242763
637908
105085
723661
869530
950938
147486
480169
675990
520754
329753
663671
601446
535601
275202
474968
147082
227531
843709
348496
462770
371964
964143
424282
295829
642439
833075
983858
261888
299362
988979
322608
384204
305246
262523
400314
377235
775765
657845
271160
271488
198376
693268
528554
865922
763784
631660
385313
439688
477681
244859
402435
324338
290156
178494
994327
248738
903364
530618
224554
187061
877269
411655
148765
376758
848328
340687
594856
814390
316803
915039
648658
231585
996408
973944
867414
392782
798483
649215
548812
487968
594159
498124
417536
609483
472425
173686
651157
648435
301359
579044
681413
739998
739926
401896
600947
393831
102414
675010
602673
125075
383472
723522
730045
597159
647507
564975
311800
833255
470595
844336
987442
930667
427465
412169
246038
392692
440088
135577
940379
516077
995712
353687
971810
565410
968032
206903
755102
618291
624345
833897
406136
856461
671462
402078
814828
981585
896662
639075
138086
458027
353786
888444
404405
858316
100643
206768
900619
310368
886823
780583
700831
653177
910729
434733
482890
908360
805113
726603
303605
819483
458118
626758
640599
604778
626763
756370
228796
311295
983534
900171
603805
969460
509312
119352
143817
787176
943462
304551
609714
898131
605756
930971
590650
649333
825595
213235
126709
748176
972228
892370
944381
729435
873068
218090
410168
436046
119527
915087
577059
203213
846967
618915
226801
625316
295877
313492
316690
834827
105520
615493
877880
644266
756538
456713
444861
243822
901116
457727
389039
684207
399499
292845
473927
781727
227154
900914
295754
310244
495679
895862
231393
529216
905216
891366
598376
223498
946219
472156
419729
329773
146062
818509
361294
687497
643181
471262
566315
985182
751415
757025
910516
333138
300560
371031
136376
970077
934331
779602
981429
264098
943639
318925
584084
413374
190909
894265
269555
923508
465675
561270
650406
108595
189944
259106
127615
459661
167655
520419
243664
892050
675091
561874
114769
105879
612658
442272
997424
256391
705108
432355
499160
588807
559542
863798
330713
619772
106354
385586
968904
385978
301308
161701
940477
264271
453262
606761
512843
746809
568880
929716
595391
316044
814709
452433
774952
504957
676985
864745
480755
353544
562988
992160
461418
194083
761014
527479
586555
521784
251304
370980
690683
408741
290394
698770
513655
976677
194736
205317
570994
847562
217400
724810
309566
936104
176158
259176
224376
717661
221483
716110
516648
834626
602543
740147
547305
870002
965724
476489
215949
454449
364774
289404
947904
722650
681088
638717
363373
630881
325445
716507
441383
222609
815443
400572
108208
539592
581216
426102
647878
876322
827824
362744
777706
940785
999358
475161
752129
321180
879800
105906
244249
561486
982372
920157
726209
528918
303129
317535
976031
176696
558436
234015
122353
564996
415247
613317
235536
778013
196012
974624
889318
218981
452667
424925
683653
430215
229091
893077
991537
660096
950639
365272
625717
652415
719022
110074
405667
193651
246376
771309
971698
251110
396996
881880
644393
798991
146762
207676
424831
187766
379360
558984
387857
886709
383187
277046
796735
301069
357007
216127
310011
170027
824966
757008
959630
971621
739709
664395
814968
745301
391498
128547
639278
617546
102111
754986
116250
603873
761481
515912
240177
725631
317021
230547
259956
777304
594916
471640
367674
580123
473074
561243
810054
369480
619338
758646
637282
436330
524444
787542
849622
842103
353881
811299
229745
876876
238022
736304
892361
137760
620440
524352
807011
979260
888174
793328
332856
203573
941115
582000
843279
905459
921230
401276
262451
938509
706245
217348
890791
814612
931797
463330
847497
554067
397488
261100
294773
945271
877709
916611
231923
889745
915737
520164
476786
254195
699694
821859
619941
500363
987026
558346
694974
695085
864463
323171
317639
834007
367579
520633
384556
786340
579377
839363
390199
585256
230766
377960
314941
246139
935093
320601
698519
827408
620230
244846
100083
173734
767021
349941
681633
157997
706741
689763
420296
136886
630091
938211
107284
886878
102804
681918
467139
964986
106060
189147
292699
465003
537198
161149
197805
488204
876760
121306
444005
964489
755611
599988
394968
970534
393519
556163
784847
241121
126445
378929
807392
816756
104685
824629
834393
341584
887936
488375
728419
490615
606649
675422
628796
564114
262462
712220
698475
883986
660792
534405
855148
332030
126390
179417
346214
907332
455697
841315
740842
293570
853029
264905
107769
291370
734126
425376
782005
675165
805474
483781
122454
749804
953143
382495
206198
814761
769589
917381
263553
358221
617418
651801
229048
618083
691958
907216
699885
736906
151292
543212
194690
452541
666522
104869
603503
573241
520599
849809
725989
450038
688424
532459
838907
423101
724773
220202
436443
511749
733685
772236
113091
138863
783547
647056
711300
953086
392839
687580
340594
496028
615275
482928
628050
986020
829763
140725
285257
920718
925943
215747
727388
545461
793718
884074
534462
948353
725103
424983
474907
248889
967137
772679
626421
475271
691152
225915
143874
695958
376358
432109
823108
913184
918401
172224
257070
670560
602291
578556
615510
991974
536850
376336
356491
566964
363032
104942
694108
764768
126475
353486
874158
993009
267726
348905
467043
110547
289769
623470
561610
798262
298174
309530
181061
984376
574706
921098
525321
118068
977710
840368
674613
399968
566567
919082
652405
887955
252606
528859
312589
833224
329433
705538
792106
308077
320331
821408
749082
825515
221761
765702
405882
342358
203933
181692
593081
218070
573144
453261
891790
719717
882425
906485
177549
898879
859041
287384
950986
930542
765140
998253
515876
944396
442567
102088
220192
856507
897926
575401
872932
182126
117074
380442
373907
717923
660912
475649
838024
698783
768540
802249
356767
295593
706412
125228
553952
469142
898267
692052
263132
314312
447153
172970
491581
584925
837080
489815
628562
190207
975910
311605
556219
987232
626780
667828
283756
956107
964465
352202
765920
942888
219221
407056
718902
174043
952798
378142
665623
566009
355306
937366
872929
143715
502720
962083
891617
696820
769487
412973
570298
332157
861692
882314
215365
989876
463745
389716
543843
530489
233362
907445
624172
441163
118334
541297
900064
216696
790171
844020
749214
963361
317610
952397
896844
898945
799372
580452
637084
520781
247844
355097
450009
309980
185423
723232
405846
604955
479738
581620
285871
560335
556437
463383
709603
568150
465656
932266
492819
953680
441167
134096
126921
753874
721382
531369
286837
904959
938315
709014
735463
786454
956768
408963
784337
863689
928293
673828
552484
819732
765885
372492
204661
881035
591475
179757
443471
160246
420208
620853
181310
515014
643758
206869
448312
418856
366331
249578
606258
758183
475680
239206
979699
867988
881986
460477
804211
343113
663388
178750
867165
961310
660749
796344
303223
409233
640907
375914
704824
631366
571958
933585
160009
572900
375345
414221
316663
813449
617452
335751
365282
492913
225569
451629
387318
334990
143548
391640
714764
438995
679379
338362
813469
946723
466861
800271
614243
847910
414452
248353
259553
596529
803755
278762
571330
148087
585188
935172
770798
288359
774248
992847
230346
214271
772041
267890
184708
461322
447250
655226
966719
610995
690761
402523
589606
672119
147384
473941
265983
660428
603679
161266
154614
950798
132232
625953
357734
928666
897249
335870
846673
114215
987430
181764
289451
438192
405078
687649
702822
852187
857048
196291
152963
815689
226724
970508
550392
875691
857726
678288
325387
441222
342448
551226
703114
270829
311798
118701
570099
919859
342414
834356
412045
616063
829599
864814
184208
551400
253294
880873
365827
116574
739243
841265
372290
385415
611176
756730
880822
326218
966301
353742
855759
747863
389454
232302
546012
324640
298582
935772
947890
315019
595597
509816
611171
616800
704675
993868
104800
310712
608247
968470
701347
997052
514552
391786
670344
579970
842092
103941
284913
603148
805180
129979
229374
570555
148044
656625
265837
613663
368550
992898
994519
668858
948971
879559
309577
304701
126650
189371
254929
215638
130445
198681
195512
743778
194017
789030
222579
425960
619918
279535
359868
932777
553880
130818
578942
214051
946804
570710
497631
101775
415632
247736
180838
347133
123909
306000
909473
617475
894139
915727
277022
303771
362719
256975
713842
267147
861928
877243
417549
332845
750648
172878
177548
564713
569899
224503
987783
491201
827096
610198
305584
777810
492821
761428
220004
703171
914066
431685
758538
137647
600956
677742
858258
783308
958986
956720
498416
304602
932590
699833
585955
941177
352377
311058
206331
836897
135555
976388
269955
473526
619309
961100
130105
724393
961688
443444
115831
496054
590382
249894
349908
986513
699255
741341
284853
218700
977940
231818
454963
478412
473128
627637
159743
581425
934373
322457
562727
553682
774479
439947
936274
592932
568981
808583
834628
710176
643273
928065
132769
708735
980030
311233
532168
795180
292070
406095
771146
582813
206272
136811
513094
361834
210694
751705
774377
925921
856196
869917
814682
601337
657805
923272
141728
744386
784944
776396
983244
311790
987721
918943
579608
334201
634957
159906
545743
659084
535672
197603
835515
499026
457086
383148
137371
741241
866009
423690
821089
538544
340310
270271
122730
430287
729888
806591
594540
632759
693615
529150
655116
512365
277906
810750
298128
506281
172299
100509
322969
611142
721193
532774
615263
734569
385854
107366
143611
423402
563509
601737
466292
107135
347578
242531
774922
859195
357081
363261
699707
606697
232096
236378
546459
684171
679157
214799
391228
558093
468252
306860
870010
659879
434745
110314
841554
541992
601783
577411
443841
670497
218169
214517
612597
664152
384854
245568
684344
124512
370914
357708
765975
874173
669716
906983
918254
745937
782295
256988
726473
953545
585557
494967
667080
527222
138769
660000
565447
340737
816804
766940
331781
699882
323265
432112
795652
633698
394528
735506
610955
517087
935346
227554
770865
364430
163792
991885
604484
431674
630256
443187
983536
138833
498672
800962
288031
626832
852760
504811
621334
636743
108992
780145
173462
973467
783909
561087
997351
961575
734000
814893
518523
812989
462643
535834
646020
167514
499212
622216
400205
181841
910133
394497
985362
604497
341254
608196
328144
429403
819510
937991
507660
487234
572980
844290
170029
508762
228064
805753
950697
407412
130324
501033
163588
658997
654088
153992
508082
456235
876843
422053
425350
543562
176962
818249
144992
819581
852506
563185
192581
599867
494127
469343
203591
744858
151296
971973
381463
800843
365257
501290
807787
789603
717609
510108
662520
139748
482479
385191
594309
453827
974563
767155
839818
925924
340304
954080
940619
607713
240647
304993
108447
209785
697168
282935
534260
649046
140920
872893
172328
710949
988604
537460
149739
757476
314752
842893
461492
884613
394086
508012
981308
184497
842518
621368
352872
301303
899355
775670
901129
949672
354764
352248
665236
895670
423287
568642
196972
356442
195529
120512
562739
315839
313228
413078
981870
923600
629375
346407
822017
172532
995211
460465
294348
980745
334118
587792
610732
565422
833323
401945
688693
218671
419811
125432
204414
705603
166878
654809
740846
932507
625774
355356
608327
714357
616590
959894
534202
993382
118674
751694
900254
254114
348542
962237
607431
628610
283442
604183
367708
475652
659676
402286
472381
401015
230908
865685
197688
970780
701076
526106
610687
488982
824373
879051
826310
869887
558161
345571
808022
306418
416034
737227
917048
681347
925588
980712
952179
489252
845539
892628
797292
238482
254127
407277
265071
459429
990707
999024
511376
408074
730668
448614
784684
419509
841436
859704
579598
754206
793411
498889
887489
545595
516908
742083
880916
891155
629440
458887
340444
955863
765158
204029
400520
897469
839527
324950
435734
758696
536459
802038
756273
624544
234124
112861
780537
137712
992751
935209
944945
200182
524012
387724
563903
864905
529277
377168
470707
530400
611474
727586
437010
678528
218878
879712
395487
958289
746008
122021
611305
115746
960087
566036
432317
870331
404117
525965
473089
716407
829571
556629
527606
537102
271156
377055
102815
203950
264496
184148
920672
580953
815372
725918
527615
709581
106260
209631
337856
612337
621992
636957
878189
626508
838246
153325
322294
875454
400821
256910
640084
179147
269302
454524
210359
820179
176082
540982
827305
884518
590810
907285
347772
660777
263292
166004
631473
124928
623475
411743
167274
989631
799533
875191
903820
738384
443463
988099
269114
380736
625219
109983
659250
474671
818545
534698
485580
305163
601474
319015
353596
523918
117372
130328
888887
135904
589686
915465
563537
170699
495765
420730
781742
889555
498128
119434
486014
762543
440993
553253
409509
268917
134957
637491
391746
584224
512881
586052
170320
170303
750748
423412
771367
958560
128436
428192
298539
161485
222480
705578
857832
214768
553709
418636
631330
985753
923582
984077
556441
659325
752817
978592
316341
337579
665279
378823
871513
463244
653371
194831
585122
644240
519415
593590
812422
305040
484902
844847
343197
879127
893283
578676
522175
643717
168090
126343
890280
498990
309053
595905
586526
209028
523910
469540
958008
881319
552215
955976
886605
555890
567663
566389
936013
793925
884962
703186
331567
930893
531080
725053
770315
849472
271727
880558
480780
671654
310199
261424
623986
374547
314850
149757
224974
830041
860677
297876
718161
344642
860098
431306
939210
755474
292666
879582
626609
786552
855123
297569
751416
285678
608692
644423
648633
185791
179853
343453
924974
917784
650696
144957
560925
244440
298580
395250
103170
520420
997503
976522
801090
838692
229477
694940
105904
846725
351097
700097
581323
182712
599077
369839
810251
708719
279010
577987
826679
972523
365029
785485
169680
845461
818254
661449
896303
697797
402172
310866
144961
503147
644800
957321
988792
890882
976549
697941
542852
967669
812069
537313
492153
129384
168026
216503
857525
756999
917010
315485
992856
589873
794092
212932
746215
795583
334969
753735
990078
755520
950125
541760
660382
305836
870177
169897
521531
140681
178027
325159
320234
529075
179366
630905
538737
380850
638641
517805
763267
199851
235879
294482
970711
983806
557308
405144
284305
673498
150554
630030
225260
772873
540568
101167
645467
289965
200963
802312
764090
693106
973134
351409
429087
502688
297835
715195
239908
187393
902274
913802
943295
409470
842992
448528
632713
719598
768182
847157
717484
510900
440346
576225
539615
212315
828518
998678
890661
266052
179147
848357
309312
302815
401855
697826
212455
917530
673357
409512
573835
320781
702495
681625
302737
244179
774365
796072
547827
174454
460637
250045
723059
267273
609748
777449
711040
583434
671624
895682
483239
407133
195765
241699
714205
410068
527410
166853
769051
674250
224018
179177
569599
173609
565587
488249
777352
442583
303882
417453
374984
687069
164333
297427
504471
128146
815990
107343
875272
120567
141828
387702
986878
757793
129860
883052
289601
290554
269665
639416
370545
689897
622648
792397
280646
826847
375665
132860
332543
520985
641335
624150
131417
660500
725736
424404
407080
460183
978362
142411
520808
743214
284697
583191
369355
520278
807865
829529
118100
289379
281709
786731
485726
102766
225775
304945
281600
178709
866897
790064
176631
724071
977821
797402
320623
995719
945665
767951
875241
143882
542615
514107
423627
987912
805137
779043
260680
505814
603873
105801
724024
239541
732278
731386
704007
109184
126135
898953
520326
796142
996972
557929
409222
117758
632948
414309
810958
941853
673462
223356
469891
887274
775111
499168
774481
442545
717169
283708
503932
196269
734504
779658
225466
687610
314126
110518
741418
613579
613163
542279
268869
679451
304092
925587
553802
862465
136606
448373
900830
685539
103618
395276
664822
611646
657614
918792
991480
468479
332081
307297
800387
511140
228066
124994
742605
752100
935555
502457
424719
696144
385966
958389
377448
292484
703361
962714
693550
440126
912687
675368
899212
551112
379088
942671
718324
753079
136520
409889
357413
481315
996911
337694
925477
467758
209217
117091
231204
506850
557968
293443
600538
186523
796407
987844
522767
309884
602561
925917
419320
616130
515891
405691
100156
784341
697429
424384
185031
824331
583470
691468
677238
916019
400700
538821
904067
400525
431336
474348
282809
810440
557138
543822
754179
682478
346061
157959
830961
572511
147734
128013
392762
975123
564195
473218
917589
726327
173974
270248
883843
727935
419736
971728
162437
318894
659498
198415
400002
719020
936830
197623
158534
851578
179395
651728
893643
787403
580742
424039
339683
366436
713606
941086
495938
140953
369276
519486
120745
920214
990520
939390
325523
551689
275249
277846
811440
731782
305339
813115
599528
599796
919670
707965
405864
671703
143408
818386
834337
764061
866893
610459
895590
678469
472073
905770
193867
480866
200214
374567
173599
553635
757415
138500
102452
363290
737650
546771
759411
419958
346338
836786
476681
774862
801081
144041
681998
789863
663716
435061
955376
928129
433925
349869
472361
965804
646942
192603
202277
811814
573094
226220
948306
758642
580810
413617
539069
161629
231271
584018
870454
969728
656823
997718
438438
484359
622345
464142
806630
848013
326064
910612
953501
360123
128016
788340
443473
503803
214344
357397
306981
793280
920748
638894
525010
149540
726653
596094
460123
799503
258814
601568
741822
230790
647585
783132
254017
776956
231590
125671
719396
894263
590783
771736
175273
326634
156347
468799
744548
826629
280758
507843
531455
196615
191634
346930
449042
403651
681150
316942
772575
338455
467618
160786
982571
104425
418303
532345
104370
226544
730386
664911
453392
998313
907566
247743
287436
574271
656484
774344
960324
639400
149057
182919
755341
424429
416629
763202
472575
414099
218445
775688
150447
682280
806929
544477
212668
498309
957278
956176
500194
659968
186089
920056
878491
387315
816962
662505
217822
701847
505908
727700
325719
233855
462402
878961
970062
518635
893314
628579
766175
303975
815235
995573
682145
602515
447258
762144
648466
352395
766178
291772
856815
404171
936281
600596
746636
959416
757421
930914
685364
234442
189667
802250
541226
201450
148596
470962
818022
507839
916308
708944
195208
628710
923905
155733
322261
773333
571229
378229
117128
530736
755964
657911
