428339
167597
106087
842393
648931
613049
798649
110083
385261
550831
934723
618301
267749
498613
153991
269513
799661
335809
885307
371779
567527
685669
941251
916367
639143
473257
940087
106441
274909
596749
651503
169249
128099
297967
669091
799543
446909
653819
722069
485363
105499
105361
888799
660493
662657
999883
654187
890821
487021
375467
470831
374173
510889
319147
449689
532249
940853
804317
122363
273113
464857
769963
398977
792229
160367
525809
271499
589591
168029
761993
452989
273473
871621
858821
991261
217027
276953
414413
405373
177883
866737
401309
696721
560939
125029
632251
878651
422137
139901
923711
276587
851449
747277
295247
249607
120851
626377
945733
136943
238519
715973
881509
626713
427523
429673
453209
300119
737591
488347
635147
711209
119039
622187
410231
754121
909463
418603
314641
916411
988271
182999
246011
854897
729877
521659
639599
639577
318319
128969
887143
558973
933817
693037
467021
313717
416359
720619
765823
785923
315047
205607
952117
667351
831739
790201
171637
203183
152819
212791
424537
210257
169777
956231
894923
324617
844163
786109
279119
315013
171263
851813