161149
378929
606649
769589
917381
618083
104869
603503
138863
925943
474907
475271
181061
566567
312589
593081
719717
856507
575401
717923
475649
491581
190207
556219
956107
891617
769487
790171
952397
285871
709603
863689
460477
804211
640907
160009
414221
316663
225569
288359
603679
846673
196291
919859
747863
948971
309577
254929
194017
214051
894139
915727
564713
491201
619309
724393
115831
741341
627637
643273
136811
774377
925921
918943
866009
821089
270271
506281
322969
679157
214517
331781
517087
462643
937991
170029
658997
818249
192581
203591
365257
807787
974563
940619
301303
423287
562739
962237
869887
345571
990707
897469
958289
122021
432317
473089
210359
411743
474671
888887
553253
556441
665279
378823
871513
844847
830041
626609
351097
581323
144961
503147
589873
140681
763267
645467
187393
632713
847157
460637
483239
166853
569599
488249
757793
792397
995719
767951
469891
613163
679451
448373
332081
753079
409889
904067
282809
551689
305339
173599
476681
202277
231271
953501
503803
156347
982571
418303
149057
424429
416629
806929
544477
995573
936281
507839
322261
571229
378229
657911