503317
383219
996803
674929
784109
782147
719227
310829
182519
494651
780877
562361
179779
127781
387659
126989
562979
187211
810653
822541
706669
193093
311981
373091
206779
170669
577589
255617
292037
754903
509687
210943
757331
822163
145547
638047
117259
896479
839959
948767
312677
463711
896921
247259
841663
193727
729779
275981
228509
393413
690953
673619
589289
767423
550163
384193
138923
695003
928331
364451
656597
265883
716123
919901
589601
865217
349183
301381
238331
484987
655943
391753
286633
115309
244367
471161
639851
651647
694483
200807
816377
179407
812299
919019
410507
295429
308489
178067
683653
926389
864289
288227
826069
385571
133283
238031
528197
911363
299329
365467
417377
407639
837521
740651
649829
905299
105263
139861
214309
709561
738509
766373
723661
480169
227531
988979
244859
340687
600947
930667
516077
353687
833897
458027
780583
700831
203213
295877
615493
399499
473927
495679
329773
818509
190909
114769
256391
940477
512843
194083
602543
638717
363373
778013
683653
950639
405667
387857
216127
745301
317021
807011
294773
231923
915737
500363
834007
520633
390199
935093