755809
386381
751921
284989
888637
558289
775267
957221
336239
381103
474307
308899
443089
776947
969407
678533
491353
855059
470153
765437
311603
783407
608581
155167
493301
156119
860917
845441
465337
449299
140527
860579
436801
127669
577399
825199
359987
146977
748831
958159
807523
562297
658417
814927
361973
445183
570391
520981
932887
348077
306259
473191
695627
234599
138113
239171
277301
461183
790997
337781
817871
445499
308663
975427
731117
473729
474557
439199
753803
382661
347969
875239
653941
612583
354337
773999
482863
191227
227537
958687
762037
860623
119533
414971
651689
371057
701117
281803
781087
511327
468683
987913
604189
573473
504599
474119
827269
951887
640007
449093
879961
314359
756739
829637
945481
920827
977107
576701
245339
511061
219911
997433
127649
334759
425273
711133
593501
566701
391217
634609
534073
467399
551483
674789
779137
256483
823729
395137
911233
327001
540541
900773
826087
174829
815501
597301
752819
173177
942031
171317
666857
615233
290107
390493
303283
891643
263611
443987
378269
829877
701527
997307
132661
911527
864379
143743
830911
890377
593297
253361
184291