365851
211693
393637
133319
269923
759523
342469
532531
894211
981823
244333
761009
305209
424757
829093
211153
402583
478627
751307
674759
129733
568097
651641
352057
584303
593227
255587
638621
547007
598711
293351
414221
332251
841879
769789
858029
882907
669913
196837
653243
378533
693019
268913
332411
878489
255133
847493
233113
351643
852751
115469
369877
599597
411617
227419
789847
899413
640247
818959
531877
396983
428251
961507
876433
219503
952397
552841
982829
477497
336703
268297
364607
820909
862187
530977
483697
219301
574439
126751
667021
706837
602233
629987
524081
966509
384577
796699
877621
571871
624763
418207
794593
745933
844369
696109
850349
960139
240853
681913
722147
690127
640727
694879
114833
474491
514741
341321
341821
819617
216649
764683
407707
565039
365159
998017
486281
976457
580213
677531
514379
782267
657469
960191
557741
973283
110563
324293
536287
389651
305243
697819
114847
390961
241337
499943
788873
711847
136889
125813
862207
994813
759179
533363
532529
654923
664121
922667
491213
899939
993961
871289
418993
150881
471533
432287
828587
864883
596081
936197
574723
825637